2 0.241111 0.070625 0.157778 0.038750
1 0.721111 0.146250 0.122222 0.030000
1 0.691111 0.196250 0.111111 0.035000
0 0.088889 0.247500 0.080000 0.027500
0 0.105556 0.291250 0.100000 0.030000
0 0.091111 0.337500 0.075556 0.037500
0 0.122222 0.383750 0.133333 0.032500
0 0.107778 0.427500 0.108889 0.027500
0 0.167778 0.474375 0.215556 0.031250
0 0.145556 0.533750 0.162222 0.052500
1 0.494444 0.598125 0.513333 0.043750
0 0.105556 0.661875 0.104444 0.031250
0 0.103333 0.705625 0.077778 0.026250
0 0.112222 0.749375 0.113333 0.031250
0 0.085556 0.795625 0.060000 0.036250
0 0.148889 0.841875 0.173333 0.033750
0 0.112222 0.884375 0.095556 0.038750
