2 0.497290 0.068125 0.425474 0.033750
1 0.642276 0.130625 0.406504 0.031250
1 0.727642 0.170625 0.252033 0.026250
0 0.453930 0.242500 0.837398 0.077500
1 0.600271 0.310625 0.479675 0.028750
1 0.737127 0.349375 0.195122 0.026250
0 0.436314 0.407500 0.791328 0.050000
0 0.444444 0.471250 0.823848 0.045000
1 0.575881 0.528125 0.555556 0.023750
1 0.733062 0.568750 0.235772 0.022500
0 0.434959 0.695000 0.804878 0.075000
0 0.424119 0.761250 0.766938 0.020000
1 0.609756 0.821875 0.471545 0.026250
0 0.453930 0.878750 0.837398 0.050000
