2 0.504065 0.069375 0.243902 0.026250
0 0.327913 0.156875 0.579946 0.028750
1 0.598916 0.196875 0.715447 0.026250
1 0.631436 0.250625 0.368564 0.026250
0 0.443089 0.305000 0.810298 0.047500
0 0.239837 0.356875 0.387534 0.038750
0 0.258808 0.398125 0.425474 0.028750
1 0.627371 0.445000 0.398374 0.030000
0 0.436314 0.500000 0.807588 0.050000
1 0.669377 0.556875 0.292683 0.026250
0 0.298103 0.602500 0.509485 0.022500
1 0.566396 0.646875 0.791328 0.026250
0 0.177507 0.706250 0.273713 0.030000
1 0.560976 0.760625 0.791328 0.043750
0 0.262873 0.815000 0.439024 0.020000
1 0.642276 0.865625 0.330623 0.031250
