2 0.505420 0.071875 0.224932 0.028750
0 0.414634 0.135000 0.742547 0.045000
0 0.204607 0.186250 0.311653 0.025000
1 0.581301 0.230000 0.772358 0.027500
1 0.565041 0.293750 0.756098 0.047500
0 0.109756 0.346875 0.121951 0.026250
0 0.336043 0.388750 0.585366 0.025000
1 0.548780 0.435625 0.528455 0.026250
0 0.406504 0.485625 0.715447 0.021250
1 0.611111 0.529375 0.425474 0.023750
1 0.692412 0.570000 0.241192 0.022500
0 0.273713 0.620625 0.460705 0.021250
0 0.344173 0.661875 0.590786 0.021250
0 0.304878 0.701250 0.528455 0.020000
1 0.548780 0.756875 0.788618 0.043750
0 0.340108 0.815000 0.582656 0.027500
1 0.539295 0.859375 0.552846 0.026250
1 0.575881 0.899375 0.756098 0.021250
