2 0.301389 0.060625 0.169444 0.036250
1 0.747222 0.118750 0.411111 0.022500
1 0.840278 0.161250 0.241667 0.030000
1 0.858333 0.199375 0.177778 0.021250
0 0.188889 0.253750 0.100000 0.030000
0 0.302778 0.288750 0.327778 0.030000
1 0.683333 0.401250 0.538889 0.022500
0 0.197222 0.453125 0.105556 0.023750
0 0.230556 0.493125 0.177778 0.026250
0 0.256944 0.533750 0.241667 0.025000
1 0.698611 0.594375 0.541667 0.048750
0 0.201389 0.656250 0.136111 0.017500
0 0.248611 0.696875 0.208333 0.028750
1 0.665278 0.757500 0.608333 0.045000
1 0.875000 0.806250 0.183333 0.020000
0 0.472222 0.871250 0.661111 0.042500
