2 0.298611 0.066250 0.152778 0.025000
0 0.166667 0.121250 0.044444 0.030000
0 0.245833 0.173125 0.213889 0.028750
1 0.640278 0.237500 0.669444 0.045000
1 0.668056 0.296250 0.597222 0.045000
0 0.180556 0.355625 0.077778 0.016250
0 0.344444 0.396875 0.400000 0.026250
1 0.887500 0.448750 0.147222 0.022500
1 0.634722 0.498750 0.658333 0.045000
0 0.263889 0.593750 0.244444 0.022500
0 0.294444 0.631250 0.311111 0.027500
1 0.866667 0.744375 0.188889 0.018750
1 0.756944 0.783125 0.430556 0.023750
0 0.201389 0.836250 0.125000 0.027500
0 0.313889 0.875625 0.344444 0.031250
