2 0.456640 0.073125 0.392954 0.028750
1 0.563686 0.118750 0.325203 0.030000
1 0.636856 0.162500 0.157182 0.025000
1 0.585366 0.223125 0.704607 0.056250
1 0.478320 0.296875 0.479675 0.031250
0 0.403794 0.366250 0.704607 0.055000
1 0.608401 0.432500 0.674797 0.025000
1 0.619241 0.496250 0.208672 0.032500
1 0.578591 0.566250 0.701897 0.075000
1 0.680217 0.640625 0.552846 0.031250
0 0.304878 0.713750 0.485095 0.030000
1 0.489160 0.763750 0.452575 0.030000
1 0.632791 0.811875 0.170732 0.028750
1 0.529810 0.856250 0.365854 0.027500
0 0.178862 0.906250 0.265583 0.022500
