2 0.451002 0.049375 0.354120 0.026250
0 0.324053 0.120000 0.523385 0.027500
1 0.640312 0.187500 0.184855 0.037500
0 0.134744 0.261875 0.149220 0.031250
0 0.250557 0.316875 0.371938 0.033750
1 0.670379 0.389375 0.124722 0.031250
1 0.570156 0.444375 0.302895 0.033750
1 0.593541 0.500625 0.265033 0.033750
0 0.183742 0.570625 0.251670 0.033750
0 0.187082 0.628125 0.244989 0.031250
0 0.234967 0.686875 0.331849 0.028750
0 0.331849 0.744375 0.543430 0.041250
0 0.214922 0.826875 0.291759 0.031250
1 0.584633 0.895625 0.282851 0.028750
