2 0.457684 0.052500 0.358575 0.030000
0 0.143653 0.163125 0.171492 0.031250
0 0.096882 0.219375 0.077951 0.038750
0 0.300668 0.280000 0.489978 0.035000
0 0.214922 0.338750 0.322940 0.037500
0 0.222717 0.392500 0.325167 0.035000
1 0.599109 0.463125 0.271715 0.028750
1 0.674833 0.517500 0.106904 0.035000
1 0.537862 0.611250 0.371938 0.030000
0 0.159243 0.679375 0.193764 0.038750
1 0.555679 0.751250 0.331849 0.030000
1 0.575724 0.808750 0.309577 0.032500
0 0.211581 0.877500 0.316258 0.040000
0 0.280624 0.925625 0.418708 0.016250
