2 0.455457 0.050000 0.354120 0.027500
0 0.174833 0.098750 0.216036 0.022500
0 0.338530 0.176250 0.489978 0.065000
1 0.548998 0.312500 0.389755 0.032500
1 0.701559 0.370000 0.048998 0.032500
1 0.687082 0.428125 0.069042 0.033750
1 0.674833 0.484375 0.102450 0.033750
1 0.651448 0.540000 0.140312 0.037500
1 0.682628 0.599375 0.104677 0.038750
1 0.620267 0.656250 0.211581 0.032500
1 0.643653 0.712500 0.178174 0.027500
0 0.188196 0.781250 0.242762 0.037500
0 0.217149 0.840000 0.305122 0.035000
0 0.350780 0.896250 0.594655 0.037500
