2 0.453229 0.051875 0.349666 0.028750
0 0.120267 0.112500 0.133630 0.025000
1 0.500000 0.180000 0.456570 0.042500
0 0.285078 0.251875 0.449889 0.033750
1 0.684855 0.318125 0.104677 0.021250
1 0.559020 0.380000 0.338530 0.035000
1 0.612472 0.435625 0.654788 0.033750
0 0.297327 0.531875 0.474388 0.033750
0 0.167038 0.587500 0.200445 0.032500
0 0.146993 0.646875 0.182628 0.031250
0 0.170379 0.700625 0.229399 0.028750
1 0.675947 0.773125 0.118040 0.026250
1 0.605791 0.828750 0.258352 0.030000
1 0.507795 0.885625 0.432071 0.031250
