2 0.458797 0.050000 0.365256 0.032500
1 0.565702 0.098125 0.244989 0.026250
1 0.525612 0.153125 0.449889 0.031250
0 0.157016 0.222500 0.193764 0.035000
0 0.354120 0.280625 0.614699 0.031250
1 0.628062 0.373125 0.204900 0.031250
1 0.629176 0.449375 0.590200 0.063750
1 0.609131 0.524375 0.251670 0.033750
1 0.618040 0.580625 0.652561 0.026250
1 0.504454 0.694375 0.443207 0.038750
1 0.608018 0.751250 0.218263 0.030000
1 0.525612 0.812500 0.396437 0.035000
0 0.119154 0.879375 0.109131 0.036250
0 0.185969 0.928750 0.238307 0.015000
