2 0.452116 0.048125 0.356347 0.028750
0 0.327394 0.112500 0.512249 0.027500
1 0.573497 0.210000 0.291759 0.032500
0 0.139198 0.282500 0.162584 0.032500
1 0.636971 0.352500 0.200445 0.030000
1 0.642539 0.410000 0.581292 0.032500
1 0.512249 0.490625 0.463252 0.031250
0 0.136971 0.558750 0.167038 0.042500
0 0.171492 0.619375 0.222717 0.031250
0 0.207127 0.675000 0.307350 0.037500
1 0.660356 0.745625 0.144766 0.036250
1 0.527840 0.803125 0.405345 0.031250
0 0.153675 0.872500 0.195991 0.042500
0 0.375278 0.924375 0.630290 0.016250
