2 0.518970 0.056875 0.447154 0.036250
0 0.150407 0.129375 0.208672 0.026250
0 0.294038 0.179375 0.506775 0.036250
1 0.578591 0.227500 0.734417 0.050000
0 0.077236 0.306250 0.078591 0.027500
0 0.302168 0.351875 0.517615 0.028750
1 0.513550 0.399375 0.506775 0.031250
1 0.678862 0.440625 0.186992 0.023750
0 0.081301 0.487500 0.065041 0.022500
0 0.296748 0.530625 0.490515 0.026250
1 0.624661 0.578125 0.284553 0.028750
0 0.177507 0.624375 0.273713 0.021250
1 0.605691 0.672500 0.691057 0.025000
0 0.079946 0.735000 0.078591 0.025000
0 0.119241 0.818750 0.151762 0.030000
0 0.218157 0.861250 0.360434 0.022500
