2 0.512195 0.055625 0.422764 0.031250
0 0.071816 0.101250 0.056911 0.017500
0 0.108401 0.147500 0.113821 0.025000
1 0.724932 0.193125 0.089431 0.026250
0 0.224932 0.242500 0.357724 0.022500
0 0.285908 0.282500 0.479675 0.027500
1 0.563686 0.328125 0.775068 0.026250
1 0.585366 0.402500 0.715447 0.047500
0 0.402439 0.462500 0.723577 0.027500
1 0.589431 0.534375 0.723577 0.041250
0 0.246612 0.593750 0.406504 0.027500
1 0.601626 0.638750 0.704607 0.027500
0 0.233062 0.705625 0.373984 0.031250
0 0.382114 0.746250 0.677507 0.025000
1 0.693767 0.791250 0.151762 0.030000
1 0.627371 0.835625 0.604336 0.031250
