2 0.493369 0.031250 0.180371 0.025000
0 0.419098 0.115000 0.763926 0.025000
1 0.538462 0.168750 0.572944 0.025000
0 0.433687 0.274375 0.809019 0.051250
1 0.677719 0.329375 0.278515 0.021250
1 0.591512 0.365000 0.440318 0.025000
0 0.458886 0.506250 0.832891 0.120000
0 0.224138 0.599375 0.368700 0.023750
1 0.660477 0.641875 0.297082 0.023750
1 0.667109 0.676250 0.278515 0.022500
0 0.202918 0.770625 0.331565 0.023750
0 0.461538 0.833750 0.848806 0.067500
1 0.758621 0.900000 0.111406 0.025000
0 0.409814 0.989375 0.729443 0.018750
