2 0.481233 0.026875 0.201072 0.028750
0 0.439678 0.078125 0.841823 0.036250
1 0.757373 0.125625 0.126005 0.031250
0 0.451743 0.243750 0.849866 0.075000
1 0.642091 0.312500 0.351206 0.025000
0 0.449062 0.379375 0.844504 0.071250
1 0.621984 0.443750 0.386059 0.027500
0 0.442359 0.562500 0.825737 0.075000
1 0.569705 0.629375 0.474531 0.023750
0 0.432976 0.735625 0.812332 0.053750
1 0.466488 0.790000 0.691689 0.022500
0 0.404826 0.831875 0.761394 0.031250
0 0.441019 0.898750 0.823056 0.047500
1 0.571046 0.950625 0.756032 0.023750
