2 0.501355 0.133125 0.135501 0.023750
1 0.628726 0.212500 0.596206 0.055000
0 0.350949 0.151875 0.560976 0.023750
0 0.241192 0.277500 0.363144 0.035000
0 0.102981 0.320625 0.070461 0.021250
0 0.406504 0.386875 0.688347 0.076250
1 0.693767 0.463750 0.487805 0.030000
0 0.256098 0.513750 0.409214 0.025000
0 0.302168 0.556250 0.506775 0.025000
1 0.612466 0.622500 0.650407 0.052500
1 0.616531 0.685625 0.658537 0.046250
0 0.383469 0.751875 0.636856 0.026250
0 0.112466 0.795000 0.105691 0.025000
1 0.619241 0.848750 0.631436 0.027500
